# model = models/hill2dtoggle.txt | str 
# dim = 2 | int 
# seed = 0 | int 
# tmax = 500 | int 
# branching = True | bool 
# nrRealizations = 2 | int 
# initType = random | str 
# noiseObs = 0.01 | float 
# noiseDyn = 0.001 | float 
# invTimeStep = 0.02 | float 
# it       0       1 
   0  0.8139  0.8234
   1  0.8021  0.7870
   2  0.7804  0.7921
   3  0.7558  0.7925
   4  0.7531  0.7763
   5  0.7294  0.7371
   6  0.7266  0.7146
   7  0.7127  0.7172
   8  0.7043  0.7100
   9  0.6774  0.6776
  10  0.6877  0.6658
  11  0.6472  0.6497
  12  0.6576  0.6440
  13  0.6266  0.6384
  14  0.6190  0.6160
  15  0.6163  0.6217
  16  0.6082  0.6082
  17  0.5905  0.5710
  18  0.5909  0.5791
  19  0.5677  0.5782
  20  0.5648  0.5601
  21  0.5432  0.5402
  22  0.5274  0.5271
  23  0.5091  0.5171
  24  0.5045  0.5255
  25  0.5284  0.5078
  26  0.4740  0.5095
  27  0.4749  0.4807
  28  0.4705  0.4656
  29  0.4613  0.4666
  30  0.4519  0.4625
  31  0.4418  0.4510
  32  0.4351  0.4469
  33  0.4149  0.4207
  34  0.4182  0.4118
  35  0.4127  0.4273
  36  0.4098  0.3995
  37  0.3878  0.4063
  38  0.3844  0.3938
  39  0.3882  0.3788
  40  0.3732  0.3760
  41  0.3616  0.3688
  42  0.3716  0.3726
  43  0.3496  0.3649
  44  0.3363  0.3548
  45  0.3688  0.3561
  46  0.3490  0.3524
  47  0.3398  0.3545
  48  0.3219  0.3408
  49  0.3422  0.3288
  50  0.3145  0.3304
  51  0.3176  0.3330
  52  0.3247  0.3293
  53  0.3087  0.3331
  54  0.3109  0.3027
  55  0.3244  0.3316
  56  0.2941  0.3131
  57  0.3054  0.3042
  58  0.2957  0.3116
  59  0.2746  0.2918
  60  0.2893  0.2983
  61  0.2852  0.2904
  62  0.2700  0.2684
  63  0.2571  0.2857
  64  0.2727  0.2870
  65  0.2592  0.2763
  66  0.2600  0.2763
  67  0.2692  0.2726
  68  0.2358  0.2558
  69  0.2631  0.2545
  70  0.2551  0.2616
  71  0.2420  0.2612
  72  0.2519  0.2575
  73  0.2367  0.2432
  74  0.2358  0.2604
  75  0.2336  0.2660
  76  0.2306  0.2516
  77  0.2431  0.2305
  78  0.2194  0.2600
  79  0.2322  0.2506
  80  0.2278  0.2459
  81  0.2328  0.2430
  82  0.2182  0.2393
  83  0.2168  0.2247
  84  0.2217  0.2326
  85  0.2294  0.2322
  86  0.2129  0.2332
  87  0.2004  0.2392
  88  0.2238  0.2263
  89  0.1997  0.2194
  90  0.1830  0.2184
  91  0.2020  0.2296
  92  0.2072  0.2154
  93  0.1923  0.2300
  94  0.1921  0.2116
  95  0.2072  0.2260
  96  0.1931  0.2097
  97  0.1739  0.2220
  98  0.1836  0.1954
  99  0.2085  0.2214
 100  0.1808  0.2003
 101  0.1999  0.2022
 102  0.2035  0.2163
 103  0.1959  0.2138
 104  0.1923  0.2175
 105  0.1841  0.2084
 106  0.1953  0.2130
 107  0.1772  0.2018
 108  0.1899  0.2017
 109  0.2039  0.2018
 110  0.1823  0.2130
 111  0.1866  0.2037
 112  0.1745  0.2075
 113  0.1903  0.2085
 114  0.1710  0.2212
 115  0.1625  0.1885
 116  0.1875  0.2044
 117  0.1722  0.1916
 118  0.1997  0.2032
 119  0.1811  0.2048
 120  0.1793  0.2052
 121  0.1830  0.1971
 122  0.1714  0.1819
 123  0.1666  0.2014
 124  0.1845  0.2043
 125  0.1709  0.1864
 126  0.1454  0.2091
 127  0.1653  0.1938
 128  0.1709  0.1838
 129  0.1651  0.2182
 130  0.1714  0.2019
 131  0.1507  0.2211
 132  0.1516  0.2182
 133  0.1447  0.2106
 134  0.1837  0.1890
 135  0.1707  0.2025
 136  0.1586  0.1827
 137  0.1512  0.2050
 138  0.1630  0.1953
 139  0.1725  0.2079
 140  0.1551  0.1917
 141  0.1664  0.1999
 142  0.1624  0.2227
 143  0.1653  0.1982
 144  0.1637  0.1967
 145  0.1776  0.2021
 146  0.1632  0.2117
 147  0.1618  0.1897
 148  0.1439  0.2068
 149  0.1609  0.2097
 150  0.1482  0.1976
 151  0.1519  0.2055
 152  0.1612  0.2074
 153  0.1615  0.2063
 154  0.1512  0.2086
 155  0.1451  0.2190
 156  0.1442  0.2079
 157  0.1510  0.2007
 158  0.1472  0.2065
 159  0.1464  0.2128
 160  0.1406  0.2117
 161  0.1610  0.2167
 162  0.1581  0.2222
 163  0.1546  0.2107
 164  0.1481  0.2195
 165  0.1377  0.2114
 166  0.1266  0.2360
 167  0.1305  0.2373
 168  0.1360  0.2159
 169  0.1456  0.2181
 170  0.1441  0.2220
 171  0.1422  0.2170
 172  0.1457  0.2332
 173  0.1268  0.2546
 174  0.1421  0.2517
 175  0.1514  0.2276
 176  0.1288  0.2264
 177  0.1135  0.2255
 178  0.1343  0.2493
 179  0.1244  0.2447
 180  0.1189  0.2316
 181  0.1259  0.2423
 182  0.1340  0.2486
 183  0.1367  0.2420
 184  0.1330  0.2568
 185  0.1233  0.2507
 186  0.1102  0.2471
 187  0.1225  0.2455
 188  0.1353  0.2491
 189  0.1307  0.2630
 190  0.1250  0.2602
 191  0.1161  0.2490
 192  0.1150  0.2618
 193  0.1242  0.2481
 194  0.1204  0.2640
 195  0.1174  0.2454
 196  0.1191  0.2384
 197  0.1261  0.2570
 198  0.1123  0.2709
 199  0.1032  0.2841
 200  0.1094  0.2618
 201  0.1243  0.2765
 202  0.1375  0.2687
 203  0.1095  0.2591
 204  0.1061  0.2689
 205  0.1058  0.2619
 206  0.1263  0.2678
 207  0.0822  0.2742
 208  0.1041  0.2775
 209  0.1180  0.2900
 210  0.1061  0.3001
 211  0.1086  0.3036
 212  0.0931  0.2912
 213  0.1094  0.2726
 214  0.0888  0.3060
 215  0.0958  0.3134
 216  0.1084  0.2950
 217  0.1042  0.3219
 218  0.1001  0.3018
 219  0.1063  0.3211
 220  0.1028  0.3248
 221  0.0668  0.3285
 222  0.1129  0.3270
 223  0.0947  0.3335
 224  0.0955  0.3367
 225  0.0914  0.3278
 226  0.0798  0.3266
 227  0.0753  0.3293
 228  0.1050  0.3500
 229  0.0796  0.3423
 230  0.0854  0.3458
 231  0.0830  0.3631
 232  0.0786  0.3629
 233  0.0848  0.3605
 234  0.0775  0.3640
 235  0.0751  0.3694
 236  0.0704  0.3780
 237  0.0814  0.3825
 238  0.0805  0.3790
 239  0.0615  0.3943
 240  0.0802  0.3924
 241  0.0873  0.4059
 242  0.0995  0.3993
 243  0.0607  0.3978
 244  0.0651  0.4157
 245  0.0508  0.4285
 246  0.0682  0.4164
 247  0.0578  0.4219
 248  0.0680  0.4262
 249  0.0714  0.4257
 250  0.0576  0.4409
 251  0.0649  0.4402
 252  0.0724  0.4341
 253  0.0531  0.4631
 254  0.0446  0.4403
 255  0.0660  0.4610
 256  0.0584  0.4639
 257  0.0570  0.4707
 258  0.0691  0.4718
 259  0.0514  0.4979
 260  0.0526  0.5068
 261  0.0513  0.5049
 262  0.0326  0.4989
 263  0.0302  0.5117
 264  0.0344  0.5120
 265  0.0416  0.5026
 266  0.0272  0.5147
 267  0.0599  0.5226
 268  0.0511  0.5296
 269  0.0497  0.5193
 270  0.0358  0.5524
 271  0.0386  0.5453
 272  0.0364  0.5628
 273  0.0431  0.5574
 274  0.0468  0.5681
 275  0.0411  0.5845
 276  0.0353  0.5773
 277  0.0275  0.5809
 278  0.0512  0.5788
 279  0.0235  0.5990
 280  0.0320  0.5957
 281  0.0328  0.6018
 282  0.0411  0.5986
 283  0.0223  0.6115
 284  0.0158  0.6031
 285  0.0506  0.6294
 286  0.0304  0.6383
 287  0.0194  0.6292
 288  0.0335  0.6459
 289  0.0308  0.6178
 290  0.0149  0.6530
 291  0.0204  0.6795
 292  0.0323  0.6621
 293  0.0120  0.6620
 294  0.0249  0.6778
 295  0.0312  0.6826
 296  0.0123  0.6913
 297  0.0064  0.6768
 298  0.0226  0.6863
 299  0.0069  0.6850
 300 -0.0003  0.7031
 301  0.0274  0.7003
 302  0.0106  0.6914
 303  0.0218  0.7320
 304 -0.0050  0.7052
 305  0.0058  0.7156
 306  0.0148  0.7426
 307  0.0237  0.7350
 308  0.0068  0.7229
 309  0.0056  0.7538
 310  0.0123  0.7372
 311  0.0110  0.7560
 312 -0.0006  0.7663
 313  0.0131  0.7542
 314  0.0162  0.7624
 315  0.0077  0.7623
 316  0.0013  0.7758
 317  0.0053  0.7651
 318  0.0120  0.7933
 319  0.0107  0.7768
 320  0.0138  0.8057
 321 -0.0040  0.7939
 322  0.0118  0.8069
 323  0.0197  0.7947
 324 -0.0069  0.8087
 325  0.0016  0.7951
 326  0.0212  0.7975
 327  0.0232  0.8124
 328  0.0112  0.8143
 329 -0.0080  0.7969
 330  0.0099  0.8229
 331  0.0084  0.8134
 332  0.0056  0.8243
 333 -0.0048  0.8365
 334 -0.0146  0.8345
 335  0.0067  0.8422
 336 -0.0082  0.8372
 337  0.0250  0.8462
 338  0.0036  0.8490
 339  0.0042  0.8692
 340  0.0124  0.8464
 341  0.0072  0.8445
 342  0.0166  0.8394
 343 -0.0113  0.8716
 344  0.0247  0.8625
 345  0.0037  0.8680
 346 -0.0043  0.8649
 347  0.0027  0.8730
 348 -0.0147  0.8628
 349  0.0085  0.8646
 350 -0.0097  0.8962
 351  0.0016  0.8722
 352 -0.0145  0.8877
 353  0.0087  0.8802
 354 -0.0101  0.8847
 355 -0.0061  0.8775
 356  0.0004  0.8780
 357  0.0049  0.8960
 358 -0.0064  0.8776
 359  0.0177  0.8835
 360 -0.0061  0.8960
 361  0.0055  0.8944
 362  0.0050  0.8954
 363 -0.0099  0.9146
 364  0.0242  0.9180
 365  0.0033  0.9189
 366  0.0059  0.8962
 367  0.0069  0.9008
 368 -0.0088  0.8933
 369  0.0108  0.8854
 370  0.0080  0.8898
 371 -0.0193  0.8900
 372  0.0197  0.9084
 373  0.0017  0.9244
 374  0.0106  0.8996
 375  0.0099  0.9176
 376 -0.0016  0.9168
 377  0.0146  0.9075
 378  0.0054  0.9180
 379 -0.0159  0.9115
 380  0.0047  0.9327
 381  0.0126  0.9271
 382 -0.0038  0.9403
 383  0.0059  0.9135
 384  0.0010  0.9340
 385  0.0024  0.9334
 386  0.0133  0.9294
 387 -0.0080  0.9280
 388  0.0025  0.9470
 389 -0.0136  0.9269
 390 -0.0028  0.9329
 391 -0.0208  0.9423
 392  0.0022  0.9138
 393 -0.0023  0.9394
 394 -0.0155  0.9358
 395 -0.0111  0.9303
 396 -0.0001  0.9377
 397 -0.0055  0.9388
 398  0.0088  0.9351
 399  0.0148  0.9532
 400 -0.0028  0.9336
 401 -0.0147  0.9396
 402 -0.0034  0.9495
 403 -0.0154  0.9406
 404  0.0104  0.9363
 405 -0.0065  0.9318
 406  0.0267  0.9413
 407 -0.0134  0.9415
 408 -0.0082  0.9477
 409  0.0070  0.9476
 410 -0.0111  0.9372
 411 -0.0013  0.9551
 412  0.0152  0.9557
 413 -0.0008  0.9460
 414 -0.0028  0.9527
 415 -0.0034  0.9490
 416  0.0048  0.9574
 417 -0.0021  0.9426
 418  0.0051  0.9649
 419 -0.0073  0.9726
 420 -0.0121  0.9628
 421 -0.0005  0.9499
 422  0.0033  0.9806
 423 -0.0005  0.9583
 424  0.0030  0.9632
 425 -0.0022  0.9580
 426  0.0101  0.9669
 427 -0.0098  0.9618
 428 -0.0107  0.9575
 429 -0.0096  0.9528
 430  0.0049  0.9607
 431  0.0026  0.9577
 432 -0.0049  0.9586
 433  0.0041  0.9631
 434 -0.0106  0.9487
 435  0.0002  0.9575
 436 -0.0029  0.9593
 437  0.0069  0.9683
 438  0.0033  0.9563
 439  0.0035  0.9799
 440 -0.0102  0.9641
 441 -0.0174  0.9764
 442 -0.0046  0.9699
 443 -0.0185  0.9811
 444 -0.0039  0.9689
 445 -0.0002  0.9634
 446  0.0143  0.9484
 447  0.0031  0.9741
 448 -0.0016  0.9636
 449 -0.0024  0.9532
 450 -0.0014  0.9729
 451 -0.0016  0.9643
 452 -0.0062  0.9660
 453  0.0105  0.9469
 454 -0.0006  0.9629
 455  0.0124  0.9682
 456  0.0126  0.9465
 457  0.0028  0.9708
 458  0.0108  0.9533
 459 -0.0032  0.9710
 460 -0.0066  0.9852
 461 -0.0052  0.9934
 462  0.0091  0.9844
 463  0.0058  0.9643
 464 -0.0038  0.9796
 465  0.0069  0.9864
 466 -0.0055  0.9667
 467  0.0070  0.9670
 468  0.0075  0.9886
 469  0.0038  0.9761
 470 -0.0004  0.9861
 471 -0.0004  1.0037
 472 -0.0099  0.9718
 473 -0.0107  0.9763
 474 -0.0213  0.9756
 475 -0.0055  0.9831
 476  0.0060  0.9693
 477  0.0132  0.9986
 478  0.0016  0.9974
 479  0.0059  1.0025
 480  0.0145  0.9670
 481  0.0035  0.9949
 482  0.0042  0.9848
 483  0.0159  0.9791
 484  0.0035  0.9909
 485  0.0020  0.9872
 486  0.0125  0.9909
 487 -0.0035  0.9751
 488 -0.0031  0.9861
 489  0.0028  0.9788
 490 -0.0026  0.9724
 491  0.0071  0.9879
 492 -0.0084  0.9883
 493  0.0180  0.9808
 494  0.0168  0.9852
 495  0.0059  0.9899
 496  0.0176  0.9906
 497 -0.0090  0.9755
 498 -0.0124  0.9724
 499  0.0029  0.9800
   0  0.8198  0.7708
   1  0.7939  0.7379
   2  0.7648  0.7400
   3  0.7673  0.7223
   4  0.7520  0.7187
   5  0.7480  0.6919
   6  0.6948  0.6648
   7  0.7001  0.6892
   8  0.6904  0.6705
   9  0.6760  0.6525
  10  0.6487  0.6585
  11  0.6569  0.6145
  12  0.6177  0.6207
  13  0.6234  0.6021
  14  0.6277  0.5879
  15  0.5939  0.5888
  16  0.5976  0.5576
  17  0.5865  0.5796
  18  0.5650  0.5445
  19  0.5509  0.5496
  20  0.5548  0.5194
  21  0.5469  0.5330
  22  0.5283  0.4880
  23  0.5243  0.4831
  24  0.5143  0.5003
  25  0.5072  0.4540
  26  0.4826  0.4785
  27  0.4787  0.4479
  28  0.4664  0.4546
  29  0.4450  0.4638
  30  0.4618  0.4394
  31  0.4368  0.4272
  32  0.4282  0.4138
  33  0.4276  0.4264
  34  0.4157  0.4026
  35  0.4114  0.4071
  36  0.3949  0.3761
  37  0.4021  0.3705
  38  0.3900  0.3765
  39  0.3707  0.3837
  40  0.3829  0.3686
  41  0.3720  0.3621
  42  0.3524  0.3483
  43  0.3416  0.3510
  44  0.3664  0.3372
  45  0.3471  0.3302
  46  0.3334  0.3275
  47  0.3174  0.3365
  48  0.3254  0.3320
  49  0.3243  0.3086
  50  0.3135  0.2974
  51  0.3190  0.3119
  52  0.2977  0.2908
  53  0.2938  0.2879
  54  0.2977  0.2843
  55  0.3111  0.2990
  56  0.2841  0.2703
  57  0.2843  0.2624
  58  0.2923  0.2862
  59  0.2920  0.2693
  60  0.2820  0.2860
  61  0.2661  0.2623
  62  0.2815  0.2680
  63  0.2678  0.2623
  64  0.2461  0.2700
  65  0.2361  0.2665
  66  0.2508  0.2515
  67  0.2447  0.2554
  68  0.2525  0.2641
  69  0.2426  0.2438
  70  0.2386  0.2458
  71  0.2335  0.2532
  72  0.2504  0.2190
  73  0.2240  0.2247
  74  0.2414  0.2244
  75  0.2391  0.2456
  76  0.2388  0.2204
  77  0.2164  0.2016
  78  0.2319  0.2154
  79  0.2254  0.2276
  80  0.2113  0.2317
  81  0.2142  0.2136
  82  0.2118  0.2193
  83  0.2161  0.2401
  84  0.2148  0.2161
  85  0.2162  0.2223
  86  0.2183  0.1963
  87  0.2193  0.2142
  88  0.2050  0.1976
  89  0.2094  0.2084
  90  0.2103  0.1824
  91  0.2044  0.2161
  92  0.2166  0.2117
  93  0.2091  0.2260
  94  0.2067  0.2012
  95  0.2018  0.1992
  96  0.2128  0.1798
  97  0.1925  0.2139
  98  0.1960  0.1887
  99  0.2003  0.1892
 100  0.2046  0.1843
 101  0.2155  0.1826
 102  0.1979  0.1934
 103  0.1990  0.1916
 104  0.1973  0.1905
 105  0.2107  0.1887
 106  0.2067  0.1829
 107  0.1967  0.1877
 108  0.2054  0.1825
 109  0.1892  0.1847
 110  0.1964  0.1650
 111  0.1867  0.1966
 112  0.1922  0.1816
 113  0.1996  0.1877
 114  0.2090  0.1884
 115  0.1881  0.1839
 116  0.1989  0.1947
 117  0.1833  0.1929
 118  0.2089  0.1834
 119  0.1892  0.1757
 120  0.1778  0.1849
 121  0.1952  0.1822
 122  0.1985  0.1929
 123  0.1835  0.1911
 124  0.1877  0.1846
 125  0.1986  0.2074
 126  0.1737  0.1794
 127  0.1973  0.1796
 128  0.1806  0.1983
 129  0.1863  0.1885
 130  0.1851  0.1660
 131  0.1837  0.1882
 132  0.1912  0.1727
 133  0.2093  0.1808
 134  0.1789  0.1922
 135  0.1977  0.1747
 136  0.1943  0.1887
 137  0.1917  0.1803
 138  0.1679  0.1751
 139  0.1857  0.1730
 140  0.1824  0.1863
 141  0.1810  0.1619
 142  0.1806  0.1745
 143  0.1862  0.1671
 144  0.1852  0.1683
 145  0.1963  0.1752
 146  0.1941  0.1795
 147  0.1771  0.1760
 148  0.2065  0.1598
 149  0.2004  0.1764
 150  0.1750  0.1808
 151  0.2019  0.1739
 152  0.1956  0.1922
 153  0.1863  0.1914
 154  0.2076  0.1595
 155  0.1933  0.1748
 156  0.2055  0.1847
 157  0.2085  0.1570
 158  0.2086  0.1806
 159  0.1777  0.1873
 160  0.1848  0.1827
 161  0.1895  0.1724
 162  0.2005  0.1731
 163  0.1817  0.1750
 164  0.1851  0.1767
 165  0.1833  0.1723
 166  0.2007  0.1896
 167  0.1794  0.1732
 168  0.1873  0.1736
 169  0.1987  0.1757
 170  0.2141  0.1642
 171  0.1997  0.1760
 172  0.1946  0.1709
 173  0.2068  0.1562
 174  0.1851  0.1694
 175  0.2084  0.1533
 176  0.2070  0.1640
 177  0.2013  0.1798
 178  0.2055  0.1620
 179  0.2029  0.1679
 180  0.2007  0.1821
 181  0.1978  0.1621
 182  0.2056  0.1769
 183  0.2022  0.1565
 184  0.2055  0.1931
 185  0.2107  0.1515
 186  0.1973  0.1691
 187  0.2115  0.1591
 188  0.2272  0.1685
 189  0.2089  0.1754
 190  0.2072  0.1421
 191  0.2027  0.1550
 192  0.2052  0.1619
 193  0.2156  0.1503
 194  0.2023  0.1579
 195  0.2158  0.1633
 196  0.2173  0.1676
 197  0.2074  0.1675
 198  0.2143  0.1580
 199  0.2286  0.1542
 200  0.2040  0.1716
 201  0.2108  0.1664
 202  0.2149  0.1359
 203  0.2158  0.1595
 204  0.2139  0.1607
 205  0.2284  0.1690
 206  0.2246  0.1460
 207  0.2186  0.1464
 208  0.2129  0.1493
 209  0.2189  0.1554
 210  0.2404  0.1557
 211  0.2374  0.1530
 212  0.2295  0.1485
 213  0.2228  0.1462
 214  0.2295  0.1450
 215  0.2192  0.1536
 216  0.2257  0.1589
 217  0.2177  0.1393
 218  0.1994  0.1414
 219  0.2163  0.1426
 220  0.2156  0.1542
 221  0.2230  0.1475
 222  0.2192  0.1640
 223  0.2241  0.1231
 224  0.2207  0.1333
 225  0.2152  0.1508
 226  0.2554  0.1315
 227  0.2270  0.1350
 228  0.2112  0.1533
 229  0.2252  0.1457
 230  0.2467  0.1356
 231  0.2268  0.1085
 232  0.2429  0.1564
 233  0.2337  0.1398
 234  0.2361  0.1281
 235  0.2573  0.1363
 236  0.2427  0.1349
 237  0.2450  0.1150
 238  0.2422  0.1452
 239  0.2536  0.1213
 240  0.2489  0.1387
 241  0.2525  0.1496
 242  0.2554  0.1247
 243  0.2431  0.1046
 244  0.2670  0.1160
 245  0.2521  0.1245
 246  0.2556  0.1249
 247  0.2669  0.1116
 248  0.2685  0.1008
 249  0.2715  0.1097
 250  0.2689  0.1264
 251  0.2712  0.1074
 252  0.2828  0.1109
 253  0.2875  0.1036
 254  0.2750  0.1004
 255  0.2675  0.1099
 256  0.2785  0.0995
 257  0.2902  0.0948
 258  0.2917  0.0994
 259  0.3137  0.0944
 260  0.2857  0.0966
 261  0.3036  0.0936
 262  0.2994  0.0908
 263  0.3001  0.1055
 264  0.3214  0.1051
 265  0.3269  0.0993
 266  0.3264  0.1032
 267  0.3229  0.0752
 268  0.3245  0.1076
 269  0.3204  0.1162
 270  0.3389  0.1109
 271  0.3503  0.0731
 272  0.3452  0.0966
 273  0.3499  0.1039
 274  0.3337  0.0858
 275  0.3307  0.0964
 276  0.3340  0.0832
 277  0.3409  0.0960
 278  0.3418  0.1033
 279  0.3450  0.1042
 280  0.3457  0.0869
 281  0.3606  0.0777
 282  0.3555  0.0876
 283  0.3628  0.0780
 284  0.3658  0.0870
 285  0.3636  0.1012
 286  0.3544  0.0841
 287  0.3754  0.0788
 288  0.3651  0.0866
 289  0.3654  0.0834
 290  0.3841  0.0731
 291  0.3766  0.0715
 292  0.3687  0.0834
 293  0.3958  0.0801
 294  0.3863  0.0675
 295  0.4103  0.0748
 296  0.4193  0.0762
 297  0.4160  0.0712
 298  0.4305  0.0653
 299  0.4156  0.0695
 300  0.4271  0.0675
 301  0.4400  0.0729
 302  0.4306  0.0888
 303  0.4348  0.0709
 304  0.4366  0.0583
 305  0.4467  0.0800
 306  0.4556  0.0642
 307  0.4446  0.0637
 308  0.4527  0.0537
 309  0.4726  0.0543
 310  0.4879  0.0708
 311  0.4798  0.0588
 312  0.4802  0.0612
 313  0.4922  0.0547
 314  0.4817  0.0589
 315  0.4999  0.0485
 316  0.5021  0.0460
 317  0.5116  0.0554
 318  0.5119  0.0587
 319  0.5380  0.0500
 320  0.5280  0.0589
 321  0.5274  0.0581
 322  0.5442  0.0481
 323  0.5661  0.0300
 324  0.5353  0.0359
 325  0.5586  0.0482
 326  0.5441  0.0539
 327  0.5528  0.0699
 328  0.5570  0.0532
 329  0.5567  0.0456
 330  0.5682  0.0270
 331  0.5569  0.0352
 332  0.5908  0.0384
 333  0.5747  0.0518
 334  0.5990  0.0450
 335  0.6048  0.0616
 336  0.6076  0.0268
 337  0.6206  0.0124
 338  0.6180  0.0287
 339  0.6327  0.0320
 340  0.6184  0.0325
 341  0.6180  0.0474
 342  0.6344  0.0358
 343  0.6379  0.0332
 344  0.6494  0.0485
 345  0.6387  0.0244
 346  0.6532  0.0152
 347  0.6629  0.0372
 348  0.6607  0.0278
 349  0.6778  0.0321
 350  0.6707  0.0018
 351  0.6752  0.0442
 352  0.6761  0.0142
 353  0.6928  0.0247
 354  0.6890  0.0239
 355  0.6993  0.0272
 356  0.7091  0.0135
 357  0.7168  0.0243
 358  0.7068  0.0350
 359  0.7185  0.0204
 360  0.7217  0.0308
 361  0.7287  0.0310
 362  0.7109  0.0349
 363  0.7316  0.0267
 364  0.7507  0.0358
 365  0.7260  0.0330
 366  0.7470  0.0327
 367  0.7313  0.0116
 368  0.7556  0.0117
 369  0.7535  0.0341
 370  0.7824  0.0184
 371  0.7749  0.0227
 372  0.7799  0.0260
 373  0.7616  0.0337
 374  0.7685  0.0069
 375  0.7909  0.0172
 376  0.7907  0.0240
 377  0.7742  0.0040
 378  0.8057  0.0269
 379  0.8045  0.0175
 380  0.8044  0.0357
 381  0.7925  0.0148
 382  0.7977  0.0175
 383  0.7736  0.0086
 384  0.8072  0.0218
 385  0.8115  0.0164
 386  0.7919  0.0199
 387  0.8159  0.0098
 388  0.8197  0.0230
 389  0.8129  0.0191
 390  0.8295  0.0214
 391  0.8137  0.0318
 392  0.8376  0.0079
 393  0.8223  0.0086
 394  0.8369  0.0211
 395  0.8401  0.0201
 396  0.8244  0.0076
 397  0.8216  0.0210
 398  0.8536  0.0246
 399  0.8412  0.0166
 400  0.8535  0.0285
 401  0.8339  0.0208
 402  0.8530  0.0101
 403  0.8647  0.0174
 404  0.8519  0.0187
 405  0.8666  0.0297
 406  0.8673  0.0211
 407  0.8536  0.0075
 408  0.8619  0.0109
 409  0.8904 -0.0063
 410  0.8709  0.0097
 411  0.8709  0.0232
 412  0.8905  0.0185
 413  0.8781  0.0065
 414  0.8897  0.0075
 415  0.8786  0.0146
 416  0.8690  0.0179
 417  0.9110  0.0097
 418  0.9037  0.0052
 419  0.8866  0.0167
 420  0.8910  0.0265
 421  0.8977  0.0062
 422  0.9035  0.0086
 423  0.8986  0.0006
 424  0.9185 -0.0096
 425  0.9018 -0.0048
 426  0.9092  0.0040
 427  0.9113  0.0058
 428  0.9244  0.0105
 429  0.9134  0.0047
 430  0.9087  0.0154
 431  0.9189 -0.0225
 432  0.9143 -0.0071
 433  0.9301 -0.0047
 434  0.9146 -0.0038
 435  0.9037 -0.0131
 436  0.9277 -0.0074
 437  0.9340 -0.0099
 438  0.9251 -0.0024
 439  0.9131  0.0021
 440  0.9198  0.0019
 441  0.9334 -0.0069
 442  0.9559 -0.0053
 443  0.9408  0.0014
 444  0.9349  0.0052
 445  0.9293  0.0036
 446  0.9394  0.0053
 447  0.9360  0.0048
 448  0.9284  0.0009
 449  0.9362  0.0071
 450  0.9444  0.0080
 451  0.9586 -0.0053
 452  0.9545  0.0116
 453  0.9419 -0.0132
 454  0.9472  0.0002
 455  0.9465 -0.0097
 456  0.9395  0.0035
 457  0.9586 -0.0001
 458  0.9267  0.0077
 459  0.9617  0.0035
 460  0.9406  0.0096
 461  0.9352  0.0093
 462  0.9473  0.0047
 463  0.9471 -0.0002
 464  0.9438 -0.0004
 465  0.9518  0.0081
 466  0.9445  0.0113
 467  0.9561  0.0253
 468  0.9612  0.0079
 469  0.9440  0.0110
 470  0.9444  0.0156
 471  0.9549  0.0213
 472  0.9480  0.0090
 473  0.9600  0.0022
 474  0.9737  0.0380
 475  0.9709  0.0005
 476  0.9513  0.0054
 477  0.9598  0.0043
 478  0.9494  0.0148
 479  0.9579  0.0120
 480  0.9864 -0.0085
 481  0.9617  0.0122
 482  0.9625  0.0125
 483  0.9631  0.0016
 484  0.9601  0.0070
 485  0.9483  0.0078
 486  0.9430 -0.0155
 487  0.9649  0.0035
 488  0.9678  0.0157
 489  0.9806  0.0162
 490  0.9735  0.0094
 491  0.9801  0.0003
 492  0.9614 -0.0050
 493  0.9701  0.0037
 494  0.9710  0.0122
 495  0.9881 -0.0008
 496  0.9676  0.0063
 497  0.9788  0.0057
 498  0.9551 -0.0073
 499  0.9684  0.0217
